
$orca_opt_file

$trust
    0.300000000000

$epredict
    0.000000000000

$ediffsc
  1000.000000000000

$ctyp
  3

$coordinates
 4 12
  -0.02080588  -0.02942304   0.05096591  -0.62190887  -0.87951634  -1.57561586
  -0.62190887   1.80429162  -0.02613491   1.90839663   0.01508001  -0.02613491

  -0.02709633  -0.03827199   0.06639385  -0.61517709  -0.86947461  -1.57478585
  -0.61499264   1.79837551  -0.03441377   1.90103906   0.01980334  -0.03411400

  -0.03892607  -0.05530490   0.09610958  -0.60438794  -0.85373423  -1.57616298
  -0.60453648   1.79183589  -0.04872842   1.89162349   0.02763550  -0.04813795

  -0.03786081  -0.05374641   0.09336103  -0.60559974  -0.85554761  -1.57632728
  -0.60566449   1.79284857  -0.04724200   1.89289804   0.02687772  -0.04671151


# redundant internal coordinates
#  nbonds nangles ndihedrals nimpropers ncartesians
# bond  definitions A B
# angle definitions A B C
# dihedral definitions A B C D
# improper torsion definitions A B C D
# cartesian definitions A x/y/z
$redundant_internals
 3 3 0 1 0
   1   0   0
   2   0   0
   3   0   0
   1   0   3   0   0
   2   0   3   0   0
   1   0   2   0   0
   1   3   2   0   0
$energies
 4
 -56.5174129248269494
 -56.5175876930409586
 -56.5177052893107970
 -56.5177071924467853

$gradients
 4 12
   0.0025952669305175   0.0034473096677018  -0.0060717544900424  -0.0013390149610774
  -0.0019734931279095   0.0016638597868018  -0.0012613273913638  -0.0002127909590445
   0.0022602918489929   0.0000050754219389  -0.0012610255807597   0.0021476028542467

   0.0018855458171040   0.0027405087467973  -0.0046424552263929  -0.0006083202331914
  -0.0008909996136377   0.0018631846070970  -0.0004717319032722  -0.0010619452345284
   0.0014266720515813  -0.0008054936806371  -0.0007875638986645   0.0013525985677011

  -0.0000865388553034  -0.0001454351957453   0.0003843055894010   0.0000344514711096
   0.0000744929124905   0.0001460046062410   0.0001295052708864  -0.0000487164570813
  -0.0002605153651330  -0.0000774178866941   0.0001196587403236  -0.0002697948305335

   0.0000551759652818   0.0000632903693543   0.0000207631843065  -0.0000950024566688
  -0.0001208538928507   0.0001648493331750   0.0000122974380467   0.0000259442247059
  -0.0000830188218937   0.0000275290533363   0.0000316192987555  -0.0001025936956062


$redundant_coords
 4 7
   1.9312565014654286   1.9312635137523400   1.9312553933986185   1.8623468103882728
   1.8623537323288695   1.8623518765504341  -1.0683594065587527
   1.9313745256633115   1.9310769769296177   1.9316264283361144   1.8469556024709544
   1.8468676209348642   1.8465435606800382  -1.1020317408213571
   1.9374550461378302   1.9372202478786862   1.9377069045426714   1.8174559342677692
   1.8178135913011870   1.8164529049592717  -1.1631169679040450
   1.9372846242380641   1.9370294944357243   1.9375113637153145   1.8203290599513429
   1.8205779967667970   1.8194412132104281  -1.1572971605287916

$redundant_gradients
 4 7
  -0.0000488973223174   0.0000772812080827  -0.0001537199347011   0.0012892576784735
   0.0032963252115487   0.0014140394675526   0.0036920793070595
  -0.0009473684497089  -0.0009667520175484  -0.0009394036710790   0.0008471774136397
   0.0020726981092825   0.0009045459458008   0.0022604609031878
  -0.0001007360735560  -0.0000943102597703  -0.0000884379894934  -0.0000992546731830
  -0.0002285757764024  -0.0001256945378415  -0.0002566547525608
   0.0000020581316387  -0.0000020462999592  -0.0000009097317392   0.0000089264418977
   0.0000196859511957   0.0000004872162833   0.0000136854607934

$hessian_approx
 12 12
                  0          1          2          3          4          5    
      0       0.668857  -0.072154   0.126954  -0.131787   0.019280  -0.120657
      1      -0.072154   0.617852   0.179691   0.020345  -0.114798  -0.168375
      2       0.126954   0.179691   0.403798  -0.077946  -0.112600  -0.316858
      3      -0.131787   0.020345  -0.077946   0.125554   0.017971   0.104535
      4       0.019280  -0.114798  -0.112600   0.017971   0.137175   0.148395
      5      -0.120657  -0.168375  -0.316858   0.104535   0.148395   0.301998
      6      -0.132098   0.056938  -0.056469   0.013573  -0.029847   0.018886
      7       0.094244  -0.390683  -0.009675  -0.000952  -0.021771   0.001471
      8      -0.077049   0.046214  -0.042941   0.035671  -0.052304   0.007291
      9      -0.404973  -0.005128   0.007461  -0.007339  -0.007403  -0.002762
     10      -0.041369  -0.112371  -0.057415  -0.037364  -0.000608   0.018510
     11       0.070753  -0.057531  -0.043997  -0.062260   0.016510   0.007571
                  6          7          8          9         10         11    
      0      -0.132098   0.094244  -0.077049  -0.404973  -0.041369   0.070753
      1       0.056938  -0.390683   0.046214  -0.005128  -0.112371  -0.057531
      2      -0.056469  -0.009675  -0.042941   0.007461  -0.057415  -0.043997
      3       0.013573  -0.000952   0.035671  -0.007339  -0.037364  -0.062260
      4      -0.029847  -0.021771  -0.052304  -0.007403  -0.000608   0.016510
      5       0.018886   0.001471   0.007291  -0.002762   0.018510   0.007571
      6       0.126661  -0.100588   0.036366  -0.008135   0.073497   0.001219
      7      -0.100588   0.392036   0.002546   0.007296   0.020417   0.005660
      8       0.036366   0.002546   0.049800   0.005014   0.003545  -0.014149
      9      -0.008135   0.007296   0.005014   0.420447   0.005235  -0.009711
     10       0.073497   0.020417   0.003545   0.005235   0.092561   0.035360
     11       0.001219   0.005660  -0.014149  -0.009711   0.035360   0.050576

$bmatrix
 7 12
                  0          1          2          3          4          5    
      0       0.293059   0.413879   0.861870  -0.293059  -0.413879  -0.861870
      1       0.293131  -0.953313   0.072587   0.000000   0.000000   0.000000
      2      -0.996515  -0.041612   0.072295   0.000000   0.000000   0.000000
      3       0.467261  -0.247246  -0.620448  -0.492277   0.032278   0.151887
      4       0.467398   0.660990  -0.096261   0.000000   0.000000   0.000000
      5      -0.389035   0.357969  -0.620190   0.194519  -0.453458   0.151613
      6       0.200156   0.281669  -1.097248  -0.257377  -0.362878   0.261773
                  6          7          8          9         10         11    
      0       0.000000   0.000000   0.000000   0.000000   0.000000   0.000000
      1      -0.293131   0.953313  -0.072587   0.000000   0.000000   0.000000
      2       0.000000   0.000000   0.000000   0.996515   0.041612  -0.072295
      3       0.000000   0.000000   0.000000   0.025017   0.214968   0.468561
      4      -0.492326  -0.147723   0.048078   0.024928  -0.513267   0.048183
      5       0.194516   0.095489   0.468576   0.000000   0.000000   0.000000
      6       0.028584   0.040567   0.417350   0.028637   0.040642   0.418126

