
$orca_opt_file

$trust
    0.300000000000

$epredict
    0.000000000000

$ediffsc
  1000.000000000000

$ctyp
  3

$coordinates
 4 12
  -0.02071094  -0.02948647   0.05120285  -0.61454055  -0.86834797  -1.56629443
  -0.61430191   1.79040268  -0.03113663   1.89332641   0.01786402  -0.03069156

  -0.02002873  -0.02851295   0.04936059  -0.61348470  -0.86733381  -1.56435255
  -0.61348819   1.78845619  -0.03104809   1.89077462   0.01782283  -0.03087972

  -0.01944667  -0.02757504   0.04775365  -0.61395282  -0.86818517  -1.56423051
  -0.61398365   1.78878752  -0.03024934   1.89115614   0.01740495  -0.03019357

  -0.01863331  -0.02629749   0.04557062  -0.61480551  -0.86954559  -1.56427147
  -0.61482641   1.78948265  -0.02909091   1.89203823   0.01679268  -0.02912800


# redundant internal coordinates
#  nbonds nangles ndihedrals nimpropers ncartesians
# bond  definitions A B
# angle definitions A B C
# dihedral definitions A B C D
# improper torsion definitions A B C D
# cartesian definitions A x/y/z
$redundant_internals
 3 3 0 1 0
   1   0   0
   2   0   0
   3   0   0
   1   0   3   0   0
   2   0   3   0   0
   1   0   2   0   0
   1   3   2   0   0
$energies
 4
 -56.4605310992679961
 -56.4605387295421295
 -56.4605401231941144
 -56.4605409195858030

$gradients
 4 12
  -0.0006982455864483  -0.0008585295373826   0.0017488970813992  -0.0003896293326016
  -0.0004548317178112  -0.0013009599009099  -0.0003194839129224   0.0011851203176825
  -0.0002496595457674   0.0014073588319934   0.0001282409377068  -0.0001982776347109

  -0.0001575356954047  -0.0003098165170523   0.0005056792782545   0.0001025168351015
   0.0001845698089691  -0.0001049061651790   0.0000971205729674   0.0000164854787021
  -0.0002131131247252  -0.0000421017128218   0.0001087612296329  -0.0001876599884687

  -0.0000745159152405  -0.0001562779023909   0.0002410529477197   0.0000905188792959
   0.0001402206466261  -0.0000026064786056   0.0000811220239689  -0.0000477275768844
  -0.0001234913807616  -0.0000971249881934   0.0000637848323381  -0.0001149550882680

  -0.0000068521531418   0.0000061896950825  -0.0000050122025201   0.0000103039916062
   0.0000028720773153   0.0000084534321507   0.0000071210009956  -0.0000090995451281
   0.0000018796046122  -0.0000105728394821   0.0000000377726718  -0.0000053208344159


$redundant_coords
 4 7
   1.9164080156031860   1.9160184073060353   1.9163735885348261   1.8590048232657099
   1.8588864227565629   1.8582334419205018  -1.0764356910294726
   1.9130814197288060   1.9131221947131785   1.9130486026109488   1.8598917456376709
   1.8598801031507066   1.8595390476876641  -1.0740784305783984
   1.9127351766503549   1.9127811275813069   1.9127211196781089   1.8613273689350374
   1.8613538127109781   1.8612127911672260  -1.0707018898484923
   1.9126108316795949   1.9126102764538997   1.9126166243187586   1.8634026954402363
   1.8634421266106873   1.8635048034286239  -1.0659322370141389

$redundant_gradients
 4 7
   0.0014178719561222   0.0012353679471193   0.0014172806045826  -0.0000384572027208
  -0.0002091090105513  -0.0001651446699356  -0.0002607542827188
  -0.0000242382776210  -0.0000055162255136  -0.0000315448331785  -0.0000934295974972
  -0.0002672525536217  -0.0001458617219684  -0.0003152859873811
  -0.0000875624992343  -0.0000655011214349  -0.0000908317865452  -0.0000642011336469
  -0.0001643691371023  -0.0000803417576156  -0.0001924075440515
  -0.0000115936832987  -0.0000109319043128  -0.0000103531345254  -0.0000086978777502
  -0.0000046315159081   0.0000067153529850  -0.0000035391682449

$hessian_approx
 12 12
                  0          1          2          3          4          5    
      0       0.686018  -0.077472   0.131953  -0.131885   0.024403  -0.121787
      1      -0.077472   0.620257   0.199933   0.021034  -0.114056  -0.180054
      2       0.131953   0.199933   0.395420  -0.082165  -0.122202  -0.321401
      3      -0.131885   0.021034  -0.082165   0.130802   0.021918   0.111549
      4       0.024403  -0.114056  -0.122202   0.021918   0.144712   0.159848
      5      -0.121787  -0.180054  -0.321401   0.111549   0.159848   0.315314
      6      -0.132430   0.058726  -0.059578   0.015113  -0.028591   0.022103
      7       0.094683  -0.394903  -0.014830  -0.004924  -0.029255  -0.000934
      8      -0.082110   0.042882  -0.035014   0.035567  -0.053965   0.002267
      9      -0.421702  -0.002288   0.009790  -0.014031  -0.017731  -0.011865
     10      -0.041615  -0.111298  -0.062902  -0.038026  -0.001401   0.021139
     11       0.071945  -0.062760  -0.039004  -0.064952   0.016318   0.003819
                  6          7          8          9         10         11    
      0      -0.132430   0.094683  -0.082110  -0.421702  -0.041615   0.071945
      1       0.058726  -0.394903   0.042882  -0.002288  -0.111298  -0.062760
      2      -0.059578  -0.014830  -0.035014   0.009790  -0.062902  -0.039004
      3       0.015113  -0.004924   0.035567  -0.014031  -0.038026  -0.064952
      4      -0.028591  -0.029255  -0.053965  -0.017731  -0.001401   0.016318
      5       0.022103  -0.000934   0.002267  -0.011865   0.021139   0.003819
      6       0.129961  -0.105258   0.036975  -0.012645   0.075122   0.000500
      7      -0.105258   0.405134   0.006125   0.015499   0.019025   0.009637
      8       0.036975   0.006125   0.048924   0.009569   0.004958  -0.016176
      9      -0.012645   0.015499   0.009569   0.448377   0.004519  -0.007494
     10       0.075122   0.019025   0.004958   0.004519   0.093673   0.036804
     11       0.000500   0.009637  -0.016176  -0.007494   0.036804   0.051360

$bmatrix
 7 12
                  0          1          2          3          4          5    
      0       0.311706   0.440888   0.841699  -0.311706  -0.440888  -0.841699
      1       0.311717  -0.949373   0.039036   0.000000   0.000000   0.000000
      2      -0.998983  -0.022529   0.039056   0.000000   0.000000   0.000000
      3       0.483544  -0.294342  -0.619666  -0.496404   0.057142   0.153902
      4       0.483556   0.683822  -0.054945   0.000000   0.000000   0.000000
      5      -0.438665   0.357790  -0.619720   0.219335  -0.448957   0.153941
      6       0.220896   0.312505  -1.157018  -0.254037  -0.359353   0.282309
                  6          7          8          9         10         11    
      0       0.000000   0.000000   0.000000   0.000000   0.000000   0.000000
      1      -0.311717   0.949373  -0.039036   0.000000   0.000000   0.000000
      2       0.000000   0.000000   0.000000   0.998983   0.022529  -0.039056
      3       0.000000   0.000000   0.000000   0.012860   0.237200   0.465764
      4      -0.496401  -0.161859   0.027476   0.012845  -0.521964   0.027469
      5       0.219330   0.091167   0.465779   0.000000   0.000000   0.000000
      6       0.016572   0.023426   0.437396   0.016569   0.023422   0.437313

