
$orca_opt_file

$trust
    0.300000000000

$epredict
    0.000000000000

$ediffsc
  1000.000000000000

$ctyp
  3

$coordinates
 5 12
  -0.03793456  -0.05384027   0.09351549  -0.60552707  -0.85546677  -1.57632750
  -0.60559117   1.79281172  -0.04731252   1.89282580   0.02692758  -0.04679524

  -0.03199406  -0.04545446   0.07904142  -0.60407601  -0.85346836  -1.56734911
  -0.60409622   1.78398076  -0.04455017   1.88393929   0.02537432  -0.04406191

  -0.02518062  -0.03584086   0.06245063  -0.60907686  -0.86057282  -1.56520344
  -0.60910945   1.78565313  -0.03731979   1.88713993   0.02119281  -0.03684717

  -0.02109411  -0.03004692   0.05234159  -0.61373287  -0.86718019  -1.56586444
  -0.61368031   1.78950139  -0.03192861   1.89228029   0.01815798  -0.03146832

  -0.02068968  -0.02946190   0.05121611  -0.61450182  -0.86828481  -1.56625036
  -0.61432239   1.79034932  -0.03116781   1.89328689   0.01782965  -0.03071771


# redundant internal coordinates
#  nbonds nangles ndihedrals nimpropers ncartesians
# bond  definitions A B
# angle definitions A B C
# dihedral definitions A B C D
# improper torsion definitions A B C D
# cartesian definitions A x/y/z
$redundant_internals
 3 3 0 1 0
   1   0   0
   2   0   0
   3   0   0
   1   0   3   0   0
   2   0   3   0   0
   1   0   2   0   0
   1   3   2   0   0
$energies
 5
 -56.5477878174532762
 -56.5480685531101130
 -56.5481702183873622
 -56.5481944468607907
 -56.5481949508291493

$gradients
 5 12
  -0.0045885504444094  -0.0064632567675063   0.0112710047440133  -0.0009694368557266
  -0.0013751014222603  -0.0066464386477626  -0.0009558256662955   0.0065502383129298
  -0.0023252516737872   0.0065138129664121   0.0012881198767960  -0.0022993144226978

  -0.0017982050273274  -0.0025167189385746   0.0044925803282143   0.0007357482114455
   0.0010249743028973  -0.0011799506211902   0.0007581953881434   0.0005834120553646
  -0.0016711844604012   0.0003042614277491   0.0009083325803027  -0.0016414452467042

  -0.0003287992165303  -0.0004712947254115   0.0009964017242436   0.0006617967070203
   0.0009227101491985   0.0004903289191618   0.0006882681157950  -0.0008296705211815
  -0.0007553686962086  -0.0010212656062365   0.0003782550973276  -0.0007313619472758

   0.0000728368382316   0.0000957484391432  -0.0000103349825366   0.0000993531054159
   0.0001296433600890   0.0003185572089049   0.0001361603394237  -0.0002754041035825
  -0.0001614481796905  -0.0003083502830513   0.0000500123043874  -0.0001467740467284

   0.0000421390727576   0.0000567640608959   0.0000206485116266  -0.0000420768896708
  -0.0000720390482576   0.0001317768963547   0.0000095678738360  -0.0000057703297607
  -0.0000821356888860  -0.0000096300569404   0.0000210453170684  -0.0000702897192055


$redundant_coords
 5 7
   1.9373027371817899   1.9370570817277850   1.9375360947087068   1.8201584378360438
   1.8204011336840324   1.8192956315327322  -1.1576197996063529
   1.9211366352921184   1.9207834344345192   1.9211901940570573   1.8312939378292024
   1.8315373247604283   1.8304570405397933  -1.1349962271157936
   1.9158223823682408   1.9154026669320048   1.9157460079672342   1.8473175628925826
   1.8476216399192111   1.8464866746141357  -1.1015058662845409
   1.9158819252933634   1.9154675514054309   1.9158155998929682   1.8576961877853280
   1.8578717828457731   1.8568908396082833  -1.0792118817945791
   1.9163597092322233   1.9159592360965132   1.9163131176171049   1.8589699613815656
   1.8589469291410645   1.8581877147508359  -1.0764872105905847

$redundant_gradients
 5 7
   0.0066229753441195   0.0066702160864961   0.0066936018717359  -0.0011146164017796
  -0.0026010834366663  -0.0011268775460962  -0.0026666459060785
   0.0004010215145622   0.0004131366575035   0.0004263171660592  -0.0009671241833424
  -0.0022654744072400  -0.0009709914146693  -0.0023824088222534
  -0.0009736341683967  -0.0009828755300441  -0.0009887269862920  -0.0004388329405068
  -0.0009920345576354  -0.0004446158514985  -0.0011234429155616
  -0.0003129739831908  -0.0003190000354882  -0.0003213854046718  -0.0000614504655734
  -0.0000859814917032  -0.0000673308707873  -0.0001478195683777
  -0.0000229039966322  -0.0000271413783625  -0.0000276198366114  -0.0000054929755327
   0.0000175979078829  -0.0000085460047413  -0.0000064273496099

$hessian_approx
 12 12
                  0          1          2          3          4          5    
      0       0.626018  -0.067816   0.116028  -0.116710   0.020769  -0.118544
      1      -0.067816   0.578264   0.163949   0.021317  -0.101081  -0.166939
      2       0.116028   0.163949   0.390389  -0.076765  -0.108541  -0.320774
      3      -0.116710   0.021317  -0.076765   0.119212   0.019124   0.104800
      4       0.020769  -0.101081  -0.108541   0.019124   0.131807   0.147676
      5      -0.118544  -0.166939  -0.320774   0.104800   0.147676   0.316697
      6      -0.116301   0.052696  -0.059397   0.013390  -0.023585   0.025760
      7       0.092756  -0.377853   0.000691  -0.006673  -0.029513  -0.003733
      8      -0.077531   0.057415  -0.034941   0.033962  -0.053397   0.002147
      9      -0.393006  -0.006197   0.020136  -0.015891  -0.016308  -0.012014
     10      -0.045709  -0.099332  -0.056098  -0.033768  -0.001212   0.022999
     11       0.080048  -0.054424  -0.034674  -0.061996   0.014264   0.001930
                  6          7          8          9         10         11    
      0      -0.116301   0.092756  -0.077531  -0.393006  -0.045709   0.080048
      1       0.052696  -0.377853   0.057415  -0.006197  -0.099332  -0.054424
      2      -0.059397   0.000691  -0.034941   0.020136  -0.056098  -0.034674
      3       0.013390  -0.006673   0.033962  -0.015891  -0.033768  -0.061996
      4      -0.023585  -0.029513  -0.053397  -0.016308  -0.001212   0.014264
      5       0.025760  -0.003733   0.002147  -0.012014   0.022999   0.001930
      6       0.122116  -0.102421   0.034782  -0.019206   0.073309  -0.001142
      7      -0.102421   0.394553  -0.006160   0.016339   0.012814   0.009204
      8       0.034782  -0.006160   0.050194   0.008788   0.002143  -0.017398
      9      -0.019206   0.016339   0.008788   0.428102   0.006165  -0.016909
     10       0.073309   0.012814   0.002143   0.006165   0.087730   0.030956
     11      -0.001142   0.009204  -0.017398  -0.016909   0.030956   0.050143

$bmatrix
 7 12
                  0          1          2          3          4          5    
      0       0.309865   0.437717   0.844031  -0.309865  -0.437717  -0.844031
      1       0.309836  -0.949817   0.042999   0.000000   0.000000   0.000000
      2      -0.998781  -0.024678   0.042756   0.000000   0.000000   0.000000
      3       0.481515  -0.288698  -0.619828  -0.495672   0.054275   0.153826
      4       0.481628   0.681151  -0.059944   0.000000   0.000000   0.000000
      5      -0.432830   0.357620  -0.619578   0.216387  -0.449321   0.153578
      6       0.218670   0.308224  -1.149949  -0.254654  -0.359352   0.279851
                  6          7          8          9         10         11    
      0       0.000000   0.000000   0.000000   0.000000   0.000000   0.000000
      1      -0.309836   0.949817  -0.042999   0.000000   0.000000   0.000000
      2       0.000000   0.000000   0.000000   0.998781   0.024678  -0.042756
      3       0.000000   0.000000   0.000000   0.014156   0.234423   0.466002
      4      -0.495780  -0.160372   0.029927   0.014153  -0.520779   0.030016
      5       0.216443   0.091701   0.466000   0.000000   0.000000   0.000000
      6       0.017980   0.025548   0.434769   0.018004   0.025580   0.435329

