
$orca_opt_file

$trust
    0.300000000000

$epredict
    0.000000000000

$ediffsc
  1000.000000000000

$ctyp
  3

$coordinates
 5 12
  -0.02080588  -0.02942304   0.05096591  -0.62190887  -0.87951634  -1.57561586
  -0.62190887   1.80429162  -0.02613491   1.90839663   0.01508001  -0.02613491

  -0.01949354  -0.02758513   0.04773576  -0.61401927  -0.86834812  -1.56433107
  -0.61400930   1.78894870  -0.03016554   1.89129512   0.01741682  -0.03015891

  -0.01843185  -0.02609230   0.04517127  -0.61568090  -0.87068589  -1.56507750
  -0.61569320   1.79077020  -0.02851373   1.89357895   0.01644025  -0.02849981

  -0.01668881  -0.02363774   0.04093685  -0.61744886  -0.87316898  -1.56511620
  -0.61747447   1.79204700  -0.02638231   1.89538515   0.01519197  -0.02635811

  -0.01627349  -0.02305071   0.03990617  -0.61768662  -0.87350414  -1.56489113
  -0.61769497   1.79201376  -0.02597983   1.89542807   0.01497335  -0.02595498


# redundant internal coordinates
#  nbonds nangles ndihedrals nimpropers ncartesians
# bond  definitions A B
# angle definitions A B C
# dihedral definitions A B C D
# improper torsion definitions A B C D
# cartesian definitions A x/y/z
$redundant_internals
 3 3 0 1 0
   1   0   0
   2   0   0
   3   0   0
   1   0   3   0   0
   2   0   3   0   0
   1   0   2   0   0
   1   3   2   0   0
$energies
 5
 -56.5130139611518700
 -56.5132083815743229
 -56.5132154344015945
 -56.5132193640751552
 -56.5132196034315086

$gradients
 5 12
  -0.0026975857870642  -0.0037936811100273   0.0066346006645298  -0.0024529463165868
  -0.0034769782106926  -0.0063062884560253  -0.0024497222746500   0.0071986270255181
  -0.0001486813501970   0.0076086165430354   0.0000908542235763  -0.0001443424609483

  -0.0002776301771622  -0.0003806399607795   0.0006821176060393   0.0004463005642226
   0.0006253346127250   0.0002223516225545   0.0004450552001188  -0.0004840259500778
  -0.0004377259228470  -0.0006082514234284   0.0002601712106340  -0.0004321336419020

  -0.0003033841665693  -0.0004213922930727   0.0007582552766963   0.0001401188737556
   0.0001941794554271  -0.0001904004228209   0.0001365803539602   0.0000869986789553
  -0.0002703961521166   0.0000319625228516   0.0001602056846788  -0.0002637940501326

  -0.0001057258719468  -0.0001456018047999   0.0002857596432103  -0.0000366819529319
  -0.0000533039528755  -0.0001703402674452  -0.0000410651603039   0.0001900163395953
  -0.0000456052067389   0.0001880789143773   0.0000278490584212  -0.0000377219692730

  -0.0000121107904523  -0.0000130172039799   0.0000514870383448  -0.0000138075767296
  -0.0000208064229761  -0.0000252511351496  -0.0000160748560767   0.0000483635030239
  -0.0000012252935994   0.0000463538947950   0.0000042500022066   0.0000066772837747


$redundant_coords
 5 7
   1.9312565014654286   1.9312635137523400   1.9312553933986185   1.8623468103882728
   1.8623537323288697   1.8623518765504341  -1.0683594065587529
   1.9128781248119346   1.9129330204636401   1.9129051370581029   1.8613480108711067
   1.8613111175415655   1.8613321893368180  -1.0705895658925111
   1.9138824073254037   1.9139331043037375   1.9139022261625231   1.8641604498122402
   1.8641596683183712   1.8641284463922669  -1.0643973134574316
   1.9136411286571742   1.9136839737719620   1.9136517973820413   1.8683384142322572
   1.8683625247644624   1.8682845186107067  -1.0551297743406356
   1.9132023368778703   1.9132453559554632   1.9132136211584747   1.8692680582498853
   1.8692658875354384   1.8692129450064674  -1.0530637304523227

$redundant_gradients
 5 7
   0.0076178732577654   0.0075979220399790   0.0076062337014678   0.0000843781882951
   0.0002255976237129   0.0000906306015055   0.0002435257347564
  -0.0005886417489171  -0.0005863900801410  -0.0005852036471069  -0.0002695939007164
  -0.0006677361870471  -0.0002644554231324  -0.0007331331122277
   0.0000426877593692   0.0000443523527444   0.0000443417007931  -0.0001568807518947
  -0.0003825472841651  -0.0001542507136689  -0.0004285160890087
   0.0001894086285854   0.0001890272403191   0.0001886827345453  -0.0000236373946881
  -0.0000469415068886  -0.0000242206126945  -0.0000622312380890
   0.0000458802892422   0.0000452573486292   0.0000451060214916  -0.0000006832403706
   0.0000056168131863  -0.0000013804300242   0.0000002553196995

$hessian_approx
 12 12
                  0          1          2          3          4          5    
      0       0.664014  -0.078555   0.137450  -0.128511   0.023107  -0.122546
      1      -0.078555   0.608587   0.194262   0.023097  -0.112213  -0.173273
      2       0.137450   0.194262   0.380873  -0.081874  -0.115767  -0.308435
      3      -0.128511   0.023097  -0.081874   0.129428   0.023969   0.111641
      4       0.023107  -0.112213  -0.115767   0.023969   0.146485   0.157936
      5      -0.122546  -0.173273  -0.308435   0.111641   0.157936   0.306117
      6      -0.129064   0.059205  -0.059730   0.016798  -0.024859   0.024823
      7       0.094278  -0.386897  -0.016603  -0.009905  -0.034399  -0.006017
      8      -0.081232   0.041623  -0.036156   0.034008  -0.055624   0.001148
      9      -0.406490  -0.003816   0.004276  -0.017702  -0.022197  -0.013959
     10      -0.038849  -0.109501  -0.061848  -0.037091   0.000225   0.021417
     11       0.066260  -0.062708  -0.036118  -0.063700   0.013561   0.001182
                  6          7          8          9         10         11    
      0      -0.129064   0.094278  -0.081232  -0.406490  -0.038849   0.066260
      1       0.059205  -0.386897   0.041623  -0.003816  -0.109501  -0.062708
      2      -0.059730  -0.016603  -0.036156   0.004276  -0.061848  -0.036118
      3       0.016798  -0.009905   0.034008  -0.017702  -0.037091  -0.063700
      4      -0.024859  -0.034399  -0.055624  -0.022197   0.000225   0.013561
      5       0.024823  -0.006017   0.001148  -0.013959   0.021417   0.001182
      6       0.129207  -0.107925   0.034991  -0.016926   0.073649  -0.000006
      7      -0.107925   0.403782   0.009703   0.023581   0.017411   0.012857
      8       0.034991   0.009703   0.049657   0.012194   0.004246  -0.014735
      9      -0.016926   0.023581   0.012194   0.441141   0.002313  -0.002593
     10       0.073649   0.017411   0.004246   0.002313   0.091896   0.036235
     11      -0.000006   0.012857  -0.014735  -0.002593   0.036235   0.049584

$bmatrix
 7 12
                  0          1          2          3          4          5    
      0       0.314349   0.444518   0.838802  -0.314349  -0.444518  -0.838802
      1       0.314346  -0.948684   0.034437   0.000000   0.000000   0.000000
      2      -0.999210  -0.019874   0.034424   0.000000   0.000000   0.000000
      3       0.484657  -0.300507  -0.617955  -0.495880   0.060615   0.153713
      4       0.484647   0.685414  -0.048730   0.000000   0.000000   0.000000
      5      -0.444880   0.356765  -0.617921   0.222442  -0.447321   0.153693
      6       0.223720   0.316326  -1.162848  -0.253150  -0.357958   0.284568
                  6          7          8          9         10         11    
      0       0.000000   0.000000   0.000000   0.000000   0.000000   0.000000
      1      -0.314346   0.948684  -0.034437   0.000000   0.000000   0.000000
      2       0.000000   0.000000   0.000000   0.999210   0.019874  -0.034424
      3       0.000000   0.000000   0.000000   0.011222   0.239893   0.464242
      4      -0.495869  -0.163422   0.024363   0.011222  -0.521992   0.024368
      5       0.222438   0.090556   0.464227   0.000000   0.000000   0.000000
      6       0.014714   0.020815   0.439115   0.014716   0.020818   0.439165

