
$orca_opt_file

$trust
    0.300000000000

$epredict
    0.000000000000

$ediffsc
  1000.000000000000

$ctyp
  3

$coordinates
 4 12
  -0.17426525  -0.24541064   0.42521696  -0.75188595   2.32165034  -0.11316441
  -0.75181740  -1.06311169  -2.06644093   2.44015184   0.06475287  -0.11260436

  -0.17222148  -0.24295084   0.42107734  -0.74872697   2.31462812  -0.11385244
  -0.74884296  -1.05908800  -2.06088540   2.43197465   0.06529162  -0.11333223

  -0.17032098  -0.24056913   0.41702416  -0.74746586   2.31083578  -0.11350028
  -0.74770783  -1.05755214  -2.05754321   2.42767790   0.06516638  -0.11297340

  -0.16999010  -0.24010309   0.41621386  -0.74797646   2.31136177  -0.11300114
  -0.74821428  -1.05824549  -2.05774481   2.42836409   0.06486770  -0.11246064


# redundant internal coordinates
#  nbonds nangles ndihedrals nimpropers ncartesians
# bond  definitions A B
# angle definitions A B C
# dihedral definitions A B C D
# improper torsion definitions A B C D
# cartesian definitions A x/y/z
$redundant_internals
 3 3 0 1 0
   1   0   0
   2   0   0
   3   0   0
   1   0   3   0   0
   2   0   3   0   0
   1   0   2   0   0
   1   3   2   0   0
$energies
 4
 -342.6611930978600071
 -342.6612716768524365
 -342.6612874236213884
 -342.6612879788196437

$gradients
 4 12
  -0.0023855080368360  -0.0029929834442060   0.0050357131284304  -0.0006929774727595
   0.0034156242672974  -0.0008476069594769  -0.0006609064343432  -0.0009395976984456
  -0.0032796903126044   0.0037393919442819   0.0005169568759475  -0.0009084158582695

  -0.0010471710431232  -0.0013326848242348   0.0022519124835103  -0.0001966866397565
   0.0013292559946385  -0.0004456408970424  -0.0001848936803646  -0.0002658712360057
  -0.0013353421671276   0.0014287513640396   0.0002693000656809  -0.0004709294210272

  -0.0000742926616495  -0.0001174220096711   0.0002080808601264   0.0000839746882783
  -0.0000563033576317  -0.0001017225886037   0.0000818949794275   0.0001147693548766
  -0.0000059367789658  -0.0000915770052794   0.0000589560129438  -0.0001004214943390

  -0.0000354861449330  -0.0000590130217821   0.0001046354365570   0.0000501203327219
  -0.0000422525124253  -0.0000561644210803   0.0000485219868158   0.0000688213667888
   0.0000062030216750  -0.0000631561742948   0.0000324441678523  -0.0000546740384945


$redundant_coords
 4 7
   2.6857591544758375   2.6852486922888263   2.6871229755199475   1.6296333512778307
   1.6295246968257897   1.6296245198296211   1.4849838556240753
   2.6757650525942771   2.6755768056474438   2.6762743691224204   1.6304745982774675
   1.6304384479271108   1.6305078972858658   1.4836820924467298
   2.6691233363891986   2.6691422717795614   2.6690765792799476   1.6323433477001241
   1.6323606908261681   1.6323713817471819   1.4808629418665504
   2.6691027757892201   2.6691143944172770   2.6690725789759431   1.6331481681314182
   1.6331638350687396   1.6331600340658214   1.4796582604424462

$redundant_gradients
 4 7
   0.0035836082071153   0.0034715128744180   0.0038797132902511  -0.0001312327761177
  -0.0003014830740607  -0.0001457817726478   0.0002160399962439
   0.0014020150381360   0.0013596627936752   0.0015153184245366  -0.0001799566395319
  -0.0003789999264893  -0.0001790037965904   0.0002798399680940
  -0.0000517548828378  -0.0000473348991891  -0.0000624544705328  -0.0001245759301298
  -0.0002515351543781  -0.0001192019341894   0.0001903824393265
  -0.0000401068687460  -0.0000373559300860  -0.0000469474352183  -0.0000708278965896
  -0.0001423941220736  -0.0000684601851200   0.0001088632818586

$hessian_approx
 12 12
                  0          1          2          3          4          5    
      0       0.410724  -0.031753   0.054106  -0.055715   0.089405  -0.047119
      1      -0.031753   0.394296   0.071075   0.033946  -0.293960   0.083958
      2       0.054106   0.071075   0.314718  -0.017237  -0.000230  -0.025385
      3      -0.055715   0.033946  -0.017237   0.056593  -0.055978   0.021620
      4       0.089405  -0.293960  -0.000230  -0.055978   0.293616  -0.049090
      5      -0.047119   0.083958  -0.025385   0.021620  -0.049090   0.043417
      6      -0.055607  -0.002233  -0.038729  -0.003571   0.009529   0.015895
      7      -0.003738  -0.056852  -0.054240  -0.018518  -0.001219  -0.033919
      8      -0.100459  -0.138203  -0.265183  -0.000287   0.040041  -0.004964
      9      -0.299404   0.000041   0.001859   0.002694  -0.042957   0.009602
     10      -0.053914  -0.043483  -0.016605   0.040550   0.001564  -0.000948
     11       0.093473  -0.016832  -0.024149  -0.004097   0.009280  -0.013067
                  6          7          8          9         10         11    
      0      -0.055607  -0.003738  -0.100459  -0.299404  -0.053914   0.093473
      1      -0.002233  -0.056852  -0.138203   0.000041  -0.043483  -0.016832
      2      -0.038729  -0.054240  -0.265183   0.001859  -0.016605  -0.024149
      3      -0.003571  -0.018518  -0.000287   0.002694   0.040550  -0.004097
      4       0.009529  -0.001219   0.040041  -0.042957   0.001564   0.009280
      5       0.015895  -0.033919  -0.004964   0.009602  -0.000948  -0.013067
      6       0.056944   0.009540   0.060056   0.002235  -0.016836  -0.037222
      7       0.009540   0.063882   0.084820   0.012716  -0.005811   0.003339
      8       0.060056   0.084820   0.275846   0.040692   0.013342  -0.005698
      9       0.002235   0.012716   0.040692   0.294476   0.030200  -0.052152
     10      -0.016836  -0.005811   0.013342   0.030200   0.047730   0.004213
     11      -0.037222   0.003339  -0.005698  -0.052152   0.004213   0.042914

$bmatrix
 7 12
                  0          1          2          3          4          5    
      0       0.216547  -0.955926   0.198274  -0.216547   0.955926  -0.198274
      1       0.216635   0.306522   0.926884   0.000000   0.000000   0.000000
      2      -0.973505  -0.114261   0.198074   0.000000   0.000000   0.000000
      3       0.301857   0.426771  -0.158056  -0.360376  -0.065252   0.078992
      4       0.301825  -0.076672  -0.448619   0.000000   0.000000   0.000000
      5      -0.172745   0.258970  -0.448693   0.086388   0.092700   0.352579
      6      -0.109142  -0.498118   0.465886   0.200490  -0.020098  -0.315861
                  6          7          8          9         10         11    
      0       0.000000   0.000000   0.000000   0.000000   0.000000   0.000000
      1      -0.216635  -0.306522  -0.926884   0.000000   0.000000   0.000000
      2       0.000000   0.000000   0.000000   0.973505   0.114261  -0.198074
      3       0.000000   0.000000   0.000000   0.058518  -0.361519   0.079064
      4      -0.360371  -0.035720   0.096040   0.058546   0.112392   0.352579
      5       0.086357  -0.351670   0.096114   0.000000   0.000000   0.000000
      6      -0.045678   0.259128  -0.075018  -0.045671   0.259088  -0.075007

