
$orca_opt_file

$trust
    0.300000000000

$epredict
    0.000000000000

$ediffsc
  1000.000000000000

$ctyp
  3

$coordinates
 5 12
  -0.18033482  -0.25412200   0.44052896  -0.75787952   2.33802463  -0.11375909
  -0.75743727  -1.07068884  -2.08080635   2.45783485   0.06466711  -0.11295626

  -0.17778822  -0.25045307   0.43407426  -0.75280053   2.32669853  -0.11502002
  -0.75253896  -1.06398054  -2.07168826   2.44531096   0.06561597  -0.11435870

  -0.17520363  -0.24675742   0.42756093  -0.75026180   2.31975054  -0.11476814
  -0.75018179  -1.06077036  -2.06559744   2.43783046   0.06565813  -0.11418808

  -0.17480624  -0.24619304   0.42657071  -0.75098890   2.32062529  -0.11406871
  -0.75092330  -1.06181668  -2.06600681   2.43890169   0.06526532  -0.11348792

  -0.17426288  -0.24541237   0.42521333  -0.75188597   2.32164996  -0.11316534
  -0.75182587  -1.06311263  -2.06644260   2.44015795   0.06475593  -0.11259812


# redundant internal coordinates
#  nbonds nangles ndihedrals nimpropers ncartesians
# bond  definitions A B
# angle definitions A B C
# dihedral definitions A B C D
# improper torsion definitions A B C D
# cartesian definitions A x/y/z
$redundant_internals
 3 3 0 1 0
   1   0   0
   2   0   0
   3   0   0
   1   0   3   0   0
   2   0   3   0   0
   1   0   2   0   0
   1   3   2   0   0
$energies
 5
 -343.1119464443165725
 -343.1121286590912973
 -343.1121675903822279
 -343.1121688424017293
 -343.1121696740723905

$gradients
 5 12
  -0.0030895401839114  -0.0043771473775613   0.0076491538399905  -0.0010759905782153
   0.0051655330143052  -0.0013080136355170  -0.0010735720463626  -0.0015061537258441
  -0.0050674658937692   0.0052391028080219   0.0007177680879436  -0.0012736743124442

  -0.0014233395806349  -0.0020140282438453   0.0035469918876149  -0.0003478417373521
   0.0021314585128209  -0.0007141681931455  -0.0003530991288163  -0.0005034805609965
  -0.0021475651791812   0.0021242804473832   0.0003860502932426  -0.0006852585172165

  -0.0000848684666827  -0.0001148051536195   0.0002444598535962   0.0001217934287520
  -0.0001047851149012  -0.0001655749337741   0.0001079855275738   0.0001395734197072
   0.0000616722833300  -0.0001449104892809   0.0000800168497781  -0.0001405572040617

  -0.0000536187829353  -0.0000695699189988   0.0001630624029833   0.0000669342393379
  -0.0000415783717007  -0.0001113128473757   0.0000520937516524   0.0000611536219329
   0.0000352419681701  -0.0000654092075365   0.0000499946699241  -0.0000869915238502

   0.0000060565212371   0.0000165182309829   0.0000119715164559   0.0000031644469672
   0.0000074530592422  -0.0000335378634856  -0.0000123257348840  -0.0000305337022158
   0.0000324618874492   0.0000031047667465   0.0000065624120809  -0.0000108955413021


$redundant_coords
 5 7
   2.7129351731666493   2.7123717296904495   2.7143897208540375   1.6238527910658282
   1.6234234598909818   1.6232513220705016   1.4941044697858861
   2.6970083481144811   2.6964812545568249   2.6983935315265337   1.6247710362391792
   1.6244927288791187   1.6244760946958314   1.4925017920426300
   2.6854749799477644   2.6849684590446450   2.6868276052726534   1.6272365899709309
   1.6271165145048911   1.6271908595173681   1.4886160804884467
   2.6856719418241628   2.6851620935452090   2.6870315875509458   1.6282713276163805
   1.6281652696465931   1.6282397443484613   1.4870500895035410
   2.6857604244088011   2.6852489715378756   2.6871251918017989   1.6296336189500777
   1.6295329468059085   1.6296243703306754   1.4849833929817131

$redundant_gradients
 5 7
   0.0054194908098670   0.0054130431797374   0.0054277360790086  -0.0001186706229648
  -0.0003474926130961  -0.0002234479604167   0.0002626044109230
   0.0022434130278937   0.0022418825295521   0.0022433405222644  -0.0002135321446883
  -0.0004935974980191  -0.0002643353351240   0.0003682550969740
  -0.0001058705434626  -0.0001047525970979  -0.0001081488800924  -0.0001634500487132
  -0.0003424439866487  -0.0001696363597091   0.0002578029558843
  -0.0000446657132210  -0.0000444113040774  -0.0000454196069819  -0.0000923091868200
  -0.0001915086484286  -0.0000961717688848   0.0001460370831393
   0.0000003256335266  -0.0000000113658644   0.0000006443473340  -0.0000001970699434
   0.0000022765182486  -0.0000003463644544   0.0000002929895433

$hessian_approx
 12 12
                  0          1          2          3          4          5    
      0       0.391752  -0.026800   0.046527  -0.052668   0.082106  -0.044400
      1      -0.026800   0.373163   0.066219   0.030169  -0.277015   0.080965
      2       0.046527   0.066219   0.296089  -0.014014  -0.003691  -0.024312
      3      -0.052668   0.030169  -0.014014   0.054004  -0.051580   0.019979
      4       0.082106  -0.277015  -0.003691  -0.051580   0.275649  -0.046842
      5      -0.044400   0.080965  -0.024312   0.019979  -0.046842   0.042106
      6      -0.052553  -0.002509  -0.033574  -0.003414   0.009880   0.014727
      7      -0.002596  -0.053993  -0.047996  -0.017746  -0.000358  -0.032925
      8      -0.093408  -0.132260  -0.247135  -0.001576   0.041953  -0.005465
      9      -0.286530  -0.000861   0.001061   0.002078  -0.040407   0.009693
     10      -0.052713  -0.042156  -0.014532   0.039159   0.001721  -0.001198
     11       0.091281  -0.014923  -0.024642  -0.004389   0.008581  -0.012329
                  6          7          8          9         10         11    
      0      -0.052553  -0.002596  -0.093408  -0.286530  -0.052713   0.091281
      1      -0.002509  -0.053993  -0.132260  -0.000861  -0.042156  -0.014923
      2      -0.033574  -0.047996  -0.247135   0.001061  -0.014532  -0.024642
      3      -0.003414  -0.017746  -0.001576   0.002078   0.039159  -0.004389
      4       0.009880  -0.000358   0.041953  -0.040407   0.001721   0.008581
      5       0.014727  -0.032925  -0.005465   0.009693  -0.001198  -0.012329
      6       0.054269   0.008574   0.054994   0.001695  -0.015946  -0.036146
      7       0.008574   0.060021   0.077882   0.011769  -0.005671   0.003039
      8       0.054994   0.077882   0.257850   0.039991   0.012425  -0.005249
      9       0.001695   0.011769   0.039991   0.282757   0.029499  -0.050747
     10      -0.015946  -0.005671   0.012425   0.029499   0.046103   0.003304
     11      -0.036146   0.003039  -0.005249  -0.050747   0.003304   0.042220

$bmatrix
 7 12
                  0          1          2          3          4          5    
      0       0.215069  -0.955805   0.200457  -0.215069   0.955805  -0.200457
      1       0.215087   0.304516   0.927905   0.000000   0.000000   0.000000
      2      -0.972943  -0.115428   0.200144   0.000000   0.000000   0.000000
      3       0.299324   0.422860  -0.158162  -0.358171  -0.064015   0.079046
      4       0.299354  -0.074602  -0.445275   0.000000   0.000000   0.000000
      5      -0.169888   0.257266  -0.445617   0.084939   0.092618   0.350485
      6      -0.108199  -0.493266   0.461206   0.199549  -0.020879  -0.313651
                  6          7          8          9         10         11    
      0       0.000000   0.000000   0.000000   0.000000   0.000000   0.000000
      1      -0.215087  -0.304516  -0.927905   0.000000   0.000000   0.000000
      2       0.000000   0.000000   0.000000   0.972943   0.115428  -0.200144
      3       0.000000   0.000000   0.000000   0.058847  -0.358845   0.079116
      4      -0.358245  -0.036391   0.094983   0.058890   0.110994   0.350292
      5       0.084949  -0.349884   0.095132   0.000000   0.000000   0.000000
      6      -0.045688   0.257145  -0.073798  -0.045662   0.257001  -0.073757

